##FastQC	0.12.1
>>Basic Statistics	pass
#Measure	Value
Filename	Trimmomatic on Trim Galore_ on data 33 and data 34_ trimmed reads pair 2 _R1 paired_.gz
File type	Conventional base calls
Encoding	Sanger / Illumina 1.9
Total Sequences	10485186
Total Bases	912.3 Mbp
Sequences flagged as poor quality	0
Sequence length	3-100
%GC	42
>>END_MODULE
>>Per base sequence quality	pass
#Base	Mean	Median	Lower Quartile	Upper Quartile	10th Percentile	90th Percentile
1	31.933689302221246	32.0	32.0	32.0	32.0	32.0
2	31.943294758910334	32.0	32.0	32.0	32.0	32.0
3	36.35542869721147	37.0	37.0	37.0	32.0	37.0
4	36.72374127708156	37.0	37.0	37.0	37.0	37.0
5	36.82361839667975	37.0	37.0	37.0	37.0	37.0
6	40.545582382977415	41.0	41.0	41.0	41.0	41.0
7	40.608308664776	41.0	41.0	41.0	41.0	41.0
8	40.64183913894555	41.0	41.0	41.0	41.0	41.0
9	40.65420512811596	41.0	41.0	41.0	41.0	41.0
10-11	40.63757689347739	41.0	41.0	41.0	41.0	41.0
12-13	40.66980779099788	41.0	41.0	41.0	41.0	41.0
14-15	40.67928048402586	41.0	41.0	41.0	41.0	41.0
16-17	40.68904748317364	41.0	41.0	41.0	41.0	41.0
18-19	40.69714202451787	41.0	41.0	41.0	41.0	41.0
20-21	40.710493603707135	41.0	41.0	41.0	41.0	41.0
22-23	40.710006720334235	41.0	41.0	41.0	41.0	41.0
24-25	40.71599898361424	41.0	41.0	41.0	41.0	41.0
26-27	40.68357275876987	41.0	41.0	41.0	41.0	41.0
28-29	40.715214250399846	41.0	41.0	41.0	41.0	41.0
30-31	40.72620211848782	41.0	41.0	41.0	41.0	41.0
32-33	40.725479915599365	41.0	41.0	41.0	41.0	41.0
34-35	40.73063215344149	41.0	41.0	41.0	41.0	41.0
36-37	40.732774509970724	41.0	41.0	41.0	41.0	41.0
38-39	40.7299526423007	41.0	41.0	41.0	41.0	41.0
40-41	40.72397931906207	41.0	41.0	41.0	41.0	41.0
42-43	40.72790551088623	41.0	41.0	41.0	41.0	41.0
44-45	40.73128759512428	41.0	41.0	41.0	41.0	41.0
46-47	40.730040949941696	41.0	41.0	41.0	41.0	41.0
48-49	40.72729774051274	41.0	41.0	41.0	41.0	41.0
50-51	40.72545009414529	41.0	41.0	41.0	41.0	41.0
52-53	40.711788280732264	41.0	41.0	41.0	41.0	41.0
54-55	40.71833647922929	41.0	41.0	41.0	41.0	41.0
56-57	40.715411695033026	41.0	41.0	41.0	41.0	41.0
58-59	40.70552475461366	41.0	41.0	41.0	41.0	41.0
60-61	40.701751038484936	41.0	41.0	41.0	41.0	41.0
62-63	40.71056326247131	41.0	41.0	41.0	41.0	41.0
64-65	40.71194959370909	41.0	41.0	41.0	41.0	41.0
66-67	40.70771650199867	41.0	41.0	41.0	41.0	41.0
68-69	40.70955809778471	41.0	41.0	41.0	41.0	41.0
70-71	40.70286219464562	41.0	41.0	41.0	41.0	41.0
72-73	40.698295543110135	41.0	41.0	41.0	41.0	41.0
74-75	40.702144867181104	41.0	41.0	41.0	41.0	41.0
76-77	40.48305484052332	41.0	41.0	41.0	39.0	41.0
78-79	40.60443122676155	41.0	41.0	41.0	41.0	41.0
80-81	40.69665659404531	41.0	41.0	41.0	41.0	41.0
82-83	40.70972224544691	41.0	41.0	41.0	41.0	41.0
84-85	40.71430615960766	41.0	41.0	41.0	41.0	41.0
86-87	40.71126806994838	41.0	41.0	41.0	41.0	41.0
88-89	40.70659687042179	41.0	41.0	41.0	41.0	41.0
90-91	40.67194363662037	41.0	41.0	41.0	41.0	41.0
92-93	40.69865617591542	41.0	41.0	41.0	41.0	41.0
94-95	40.68548908615893	41.0	41.0	41.0	41.0	41.0
96-97	40.690766484768425	41.0	41.0	41.0	41.0	41.0
98-99	40.7152869872635	41.0	41.0	41.0	41.0	41.0
100	40.4509557797129	41.0	41.0	41.0	37.0	41.0
>>END_MODULE
>>Per sequence quality scores	pass
#Quality	Count
29	9.0
30	11302.0
31	10551.0
32	58428.0
33	64358.0
34	74967.0
35	88157.0
36	129724.0
37	210232.0
38	378096.0
39	883963.0
40	8575399.0
>>END_MODULE
>>Per base sequence content	fail
#Base	G	A	T	C
1	40.72507631242784	20.963357254702014	10.257281082090485	28.05428535077966
2	14.239947674747974	22.26478385791153	38.41920400839813	25.07606445894236
3	17.380015957752203	27.948593377361163	28.431283908554413	26.24010675633222
4	12.284723312678175	18.37049368580264	38.60643308821739	30.738349913301793
5	14.312809058743309	35.6017359830091	33.665015796655354	16.420439161592228
6	28.309401410346126	36.47253900752851	19.05332246479902	16.164737117326343
7	24.276903364447445	30.399568518115682	24.543892891420697	20.779635226016175
8	22.04991416208432	33.720427726558135	22.99522584760421	21.23443226375333
9	22.249626035032446	17.002737676639647	22.103372552565187	38.64426373576272
10-11	22.732253792994726	26.838299465174874	29.304645998214262	21.124800743616134
12-13	23.012289958759837	24.773666293469425	30.313053854600934	21.9009898931698
14-15	20.779403876261405	26.457444171097773	27.17446888488149	25.588683067759334
16-17	20.720403803444018	29.991805356181757	27.594311548566903	21.693479291807325
18-19	20.481658925537776	29.036764412802885	29.390611713220675	21.090964948438664
20-21	21.480909582329556	28.849053465814674	28.497987273513047	21.172049678342724
22-23	20.759754692863627	29.028787043827357	29.077718355053626	21.133739908255393
24-25	21.11528804436597	28.499210171372656	28.84064622243573	21.544855561825642
26-27	20.888814742988725	28.723984844749516	28.814741009739514	21.57245940252224
28-29	20.74141290779556	28.763374153916523	29.165248917680163	21.32996402060775
30-31	21.334947016602733	29.00271565986711	28.508270002289187	21.154067321240966
32-33	20.449470026961265	28.927699403452078	29.374566900972603	21.24826366861405
34-35	20.98391655473154	28.450729532123702	29.116571746279302	21.448782166865456
36-37	21.221243109733205	29.11102222458297	28.47203201406721	21.19570265161661
38-39	20.855992399542956	28.990355290136012	28.99158728694884	21.162065023372197
40-41	21.245402652145394	28.87169688261235	28.661754181772427	21.22114628346983
42-43	20.62879543949769	28.92492767217125	29.148435208046582	21.297841680284478
44-45	21.141047320139155	28.569314728336447	28.892634282659575	21.397003668864823
46-47	21.21480174710132	29.20133137540376	28.529316320061344	21.054550557433576
48-49	20.85281199290155	28.871764352996394	28.892822647840838	21.382601006261222
50-51	21.391353450868635	28.719115239795777	28.534459320227135	21.35507198910845
52-53	20.890870929566525	28.936678930132835	29.04527183647793	21.12717830382271
54-55	21.296859985838424	28.71718328190438	28.711624319601114	21.27433241265609
56-57	21.324102156151078	28.7564841976168	28.652559311818056	21.26685433441407
58-59	20.93537548219907	28.519105459639594	29.077423692662986	21.468095365498346
60-61	21.55183584526074	28.79139113654897	28.388628896407536	21.26814412178275
62-63	21.124390846111908	29.029126186320966	28.822062318595105	21.024420648972026
64-65	21.079604589041637	28.414604821338003	28.972189842233043	21.533600747387318
66-67	21.11315727630002	28.75471916898398	28.789907048312124	21.342216506403886
68-69	21.24736823979485	28.65414496263371	28.947657671919234	21.15082912565221
70-71	21.62889486182914	28.489702430155	28.515411330412483	21.36599137760338
72-73	20.860255228283975	28.96707712980652	29.112985203759052	21.05968243815046
74-75	21.307861089231384	28.455554054529625	28.673105888669458	21.563478967569534
76-77	21.287650294344772	29.070629270011544	28.491620584367606	21.150099851276078
78-79	21.284763355299184	28.80048030867694	28.80310290849376	21.111653427530108
80-81	21.606163406634458	28.57619634882247	28.47444666109333	21.34319358344974
82-83	21.03535714971299	28.911008692954187	28.96695954574511	21.086674611587718
84-85	21.241005711430144	28.461049786352454	28.789190213081056	21.508754289136345
86-87	21.380577236189744	29.012359373344733	28.56336294228744	21.043700448178086
88-89	21.240707294419863	28.701272702678164	28.710124745915966	21.347895256986003
90-91	21.422291014171645	28.59469636331316	28.601525361084075	21.381487261431122
92-93	21.1106155434306	28.962123793837335	28.784441686905904	21.142818975826156
94-95	21.12571916537537	28.476491384787234	28.8917584853222	21.506030964515197
96-97	20.818857908235902	29.054835517130662	28.933526957060035	21.192779617573404
98-99	16.213541413128606	32.082093629568995	31.91951774490791	19.78484721239448
100	0.0	53.65175115521394	46.34824884478607	0.0
>>END_MODULE
>>Per sequence GC content	warn
#GC Content	Count
0	5280.0
1	5281.5
2	5308.0
3	5371.5
4	5538.0
5	5889.5
6	6579.0
7	7482.0
8	8770.0
9	9800.5
10	11998.0
11	14352.0
12	15063.0
13	20245.5
14	25833.0
15	27809.5
16	30147.0
17	34697.5
18	40719.5
19	47310.5
20	55281.5
21	65829.0
22	79069.0
23	94875.0
24	113777.0
25	136725.5
26	163113.5
27	190863.5
28	221346.0
29	252719.0
30	286516.5
31	321844.5
32	356371.0
33	388551.0
34	421221.0
35	456064.5
36	490012.0
37	519001.0
38	542136.0
39	558528.5
40	560805.5
41	550538.0
42	534264.5
43	515316.0
44	495180.0
45	476421.5
46	460614.0
47	447201.5
48	433331.0
49	417136.0
50	400599.0
51	382894.5
52	363644.0
53	346054.0
54	330749.5
55	316935.5
56	303100.0
57	287777.5
58	268484.5
59	245726.5
60	223263.5
61	201165.0
62	181265.5
63	160292.5
64	139311.5
65	123112.0
66	109079.5
67	98383.0
68	88635.5
69	78433.5
70	68118.0
71	59645.0
72	53861.0
73	49023.5
74	45921.0
75	41540.0
76	37601.0
77	35742.0
78	34031.0
79	31793.5
80	29848.5
81	28522.5
82	27183.5
83	24698.0
84	22404.0
85	21906.0
86	21263.0
87	20931.5
88	15491.0
89	10069.5
90	8500.5
91	6942.0
92	6241.0
93	5255.5
94	4654.5
95	4297.0
96	4185.5
97	4143.5
98	4134.0
99	4131.5
100	4131.0
>>END_MODULE
>>Per base N content	pass
#Base	N-Count
1	0.0
2	0.0
3	0.0
4	0.0
5	0.0
6	0.0
7	0.0
8	0.0
9	0.0
10-11	1.1620199023990434E-4
12-13	0.0
14-15	0.0
16-17	0.0
18-19	2.3503910022331655E-4
20-21	0.0
22-23	0.0
24-25	4.933191270579917E-6
26-27	1.2863373606742033E-4
28-29	0.0
30-31	0.0
32-33	0.0
34-35	0.0
36-37	0.0
38-39	0.0
40-41	0.0
42-43	0.0
44-45	0.0
46-47	0.0
48-49	0.0
50-51	0.0
52-53	0.0
54-55	0.0
56-57	1.090330739836291E-5
58-59	0.0
60-61	0.0
62-63	0.0
64-65	0.0
66-67	0.0
68-69	0.0
70-71	0.0
72-73	0.0
74-75	0.0
76-77	0.0
78-79	6.052116795094827E-4
80-81	0.0
82-83	1.75080591784906E-4
84-85	0.0
86-87	0.0
88-89	3.233031547081248E-5
90-91	0.0
92-93	6.626220218453229E-6
94-95	0.0
96-97	6.884317105689895E-6
98-99	0.0
100	0.0
>>END_MODULE
>>Sequence Length Distribution	warn
#Length	Count
2-3	9191.0
4-5	72875.0
6-7	34159.0
8-9	33897.0
10-11	33729.0
12-13	30878.0
14-15	27335.0
16-17	25704.0
18-19	25411.0
20-21	25606.0
22-23	24815.0
24-25	25020.0
26-27	34711.0
28-29	30528.0
30-31	36733.0
32-33	36554.0
34-35	43130.0
36-37	57027.0
38-39	64369.0
40-41	77103.0
42-43	67661.0
44-45	72360.0
46-47	76662.0
48-49	80145.0
50-51	80482.0
52-53	83224.0
54-55	83218.0
56-57	90227.0
58-59	93962.0
60-61	86809.0
62-63	85789.0
64-65	86541.0
66-67	88427.0
68-69	90623.0
70-71	89880.0
72-73	89335.0
74-75	92534.0
76-77	95995.0
78-79	94546.0
80-81	89027.0
82-83	88599.0
84-85	87700.0
86-87	87653.0
88-89	95998.0
90-91	90519.0
92-93	92341.0
94-95	136240.0
96-97	584894.0
98-99	3790634.0
100-101	2964386.0
>>END_MODULE
>>Sequence Duplication Levels	pass
#Total Deduplicated Percentage	79.40665465205426
#Duplication Level	Percentage of total
1	65.60648995454711
2	21.939218465543135
3	6.115341666780435
4	1.7097652973788215
5	0.5869653306318776
6	0.2863424743248438
7	0.2571779720239371
8	0.20411695403857055
9	0.18349954655659068
>10	1.9911087621145507
>50	0.42529869011616767
>100	0.6164589413561761
>500	0.07821594458781804
>1k	0.0
>5k	0.0
>10k+	0.0
>>END_MODULE
>>Overrepresented sequences	pass
>>END_MODULE
>>Adapter Content	pass
#Position	Illumina Universal Adapter	Illumina Small RNA 3' Adapter	Illumina Small RNA 5' Adapter	Nextera Transposase Sequence	PolyA	PolyG
1	0.0	0.0	0.0	0.0	2.3843163106500924E-4	9.53726524260037E-6
2	0.0	0.0	0.0	0.0	4.482514664022174E-4	9.53726524260037E-6
3	9.53726524260037E-6	0.0	0.0	0.0	5.340868535856207E-4	2.861179572780111E-5
4	9.53726524260037E-6	0.0	0.0	0.0	7.152948931950277E-4	4.7686326213001846E-5
5	9.53726524260037E-6	0.0	0.0	0.0	9.82338319987838E-4	6.676085669820259E-5
6	9.53726524260037E-6	0.0	0.0	0.0	0.0015927232955142618	7.629812194080296E-5
7	9.53726524260037E-6	0.0	0.0	0.0	0.0017453195393958675	7.629812194080296E-5
8	9.53726524260037E-6	0.0	0.0	0.0	0.00206958655764428	7.629812194080296E-5
9	9.53726524260037E-6	0.0	0.0	0.0	0.0022984809234666893	9.537265242600369E-5
10-11	9.53726524260037E-6	0.0	0.0	0.0	0.0036193921595668406	1.3829034601770538E-4
12-13	1.907453048520074E-5	0.0	0.0	0.0	0.005903567185169629	1.5259624388160592E-4
14-15	1.907453048520074E-5	9.53726524260037E-6	0.0	0.0	0.008712291799115437	1.621335091242063E-4
16-17	1.907453048520074E-5	9.53726524260037E-6	0.0	0.0	0.014863827880592675	1.7643940698810684E-4
18-19	1.907453048520074E-5	1.907453048520074E-5	0.0	0.0	0.022555632298749875	1.81208039609407E-4
20-21	1.907453048520074E-5	2.861179572780111E-5	0.0	0.0	0.02652790327229293	1.81208039609407E-4
22-23	2.861179572780111E-5	2.861179572780111E-5	0.0	0.0	0.030452487919622982	2.0505120271590796E-4
24-25	2.861179572780111E-5	2.861179572780111E-5	0.0	0.0	0.034186327262101024	2.241257332011087E-4
26-27	2.861179572780111E-5	2.861179572780111E-5	0.0	0.0	0.03842087302981559	2.5750616155020996E-4
28-29	2.861179572780111E-5	2.861179572780111E-5	0.0	0.0	0.041606319620844115	2.9565522252061145E-4
30-31	2.861179572780111E-5	3.3380428349101295E-5	0.0	0.0	0.044715468089931834	3.1472975300581225E-4
32-33	3.814906097040148E-5	4.7686326213001846E-5	0.0	0.0	0.04786276561998996	3.3857291611231316E-4
34-35	4.291769359170166E-5	4.7686326213001846E-5	0.0	0.0	0.05130094973994739	3.4334154873361334E-4
36-37	4.7686326213001846E-5	4.7686326213001846E-5	0.0	0.0	0.057471560351909826	3.624160792188141E-4
38-39	5.722359145560222E-5	5.245495883430203E-5	0.0	0.0	0.062135283055541404	3.8149060970401477E-4
40-41	5.722359145560222E-5	5.722359145560222E-5	0.0	0.0	0.06833450546323164	4.0056514018921557E-4
42-43	6.19922240769024E-5	5.722359145560222E-5	0.0	0.0	0.07467201821693958	4.148710380531161E-4
44-45	6.676085669820259E-5	8.106675456210315E-5	0.0	0.0	0.08052313044327492	4.482514664022174E-4
46-47	7.152948931950278E-5	8.583538718340333E-5	0.0	0.0	0.08455739364089487	4.7686326213001843E-4
48-49	7.629812194080296E-5	8.583538718340333E-5	0.0	0.0	0.0878191383538642	5.007064252365195E-4
50-51	7.629812194080296E-5	8.583538718340333E-5	0.0	0.0	0.09228257848740118	5.054750578578196E-4
52-53	7.629812194080296E-5	8.583538718340333E-5	0.0	0.0	0.0952009816516369	5.102436904791197E-4
54-55	7.629812194080296E-5	9.537265242600369E-5	0.0	0.0	0.09750423120772489	5.293182209643206E-4
56-57	8.583538718340332E-5	1.1444718291120444E-4	0.0	0.0	0.1003511048826411	5.67467281934722E-4
58-59	9.537265242600369E-5	1.1444718291120444E-4	0.0	0.0	0.10267819760183558	5.817731797986226E-4
60-61	9.537265242600369E-5	1.1444718291120444E-4	0.0	0.0	0.10440444261074625	6.151536081477238E-4
62-63	9.537265242600369E-5	1.1444718291120444E-4	0.0	0.0	0.1059590168452901	6.19922240769024E-4
64-65	9.537265242600369E-5	1.1444718291120444E-4	0.0	0.0	0.10732284577498197	6.43765403875525E-4
66-67	9.537265242600369E-5	1.4305897863900555E-4	0.0	0.0	0.10918261249728903	6.676085669820259E-4
68-69	9.537265242600369E-5	1.4305897863900555E-4	0.0	0.0	0.1108993202409571	6.771458322246263E-4
70-71	9.537265242600369E-5	1.4305897863900555E-4	0.0	0.0	0.11205332933531173	7.296007910589283E-4
72-73	9.537265242600369E-5	1.4305897863900555E-4	0.0	0.0	0.1134743818564592	7.486753215441291E-4
74-75	9.537265242600369E-5	1.4305897863900555E-4	0.0	0.0	0.11488112847974274	7.677498520293298E-4
76-77	9.537265242600369E-5	1.4305897863900555E-4	0.0	0.0	0.1159922198805057	7.772871172719302E-4
78-79	9.537265242600369E-5	1.4305897863900555E-4	0.0	0.0	0.11720345256631595	8.058989129997313E-4
80-81	9.537265242600369E-5	1.5259624388160592E-4	0.0	0.0	0.1185052892719309	8.345107087275323E-4
82-83	9.537265242600369E-5	1.621335091242063E-4	0.0	0.0	0.11978328281443934	8.488166065914329E-4
84-85	9.537265242600369E-5	1.7167077436680667E-4	0.0	0.0	0.12084191925636799	8.678911370766337E-4
86-87	9.537265242600369E-5	1.81208039609407E-4	0.0	0.0	0.12203884604431434	8.821970349405341E-4
88-89	9.537265242600369E-5	1.81208039609407E-4	0.0	0.0	0.12288766265090577	8.869656675618343E-4
>>END_MODULE
