##FastQC	0.12.1
>>Basic Statistics	pass
#Measure	Value
Filename	Trimmomatic on Trim Galore_ on data 33 and data 34_ trimmed reads pair 1 _R2 paired_.gz
File type	Conventional base calls
Encoding	Sanger / Illumina 1.9
Total Sequences	10485186
Total Bases	851.6 Mbp
Sequences flagged as poor quality	0
Sequence length	2-100
%GC	43
>>END_MODULE
>>Per base sequence quality	pass
#Base	Mean	Median	Lower Quartile	Upper Quartile	10th Percentile	90th Percentile
1	31.92553350984904	32.0	32.0	32.0	32.0	32.0
2	31.91995897831474	32.0	32.0	32.0	32.0	32.0
3	35.98163790147718	37.0	37.0	37.0	32.0	37.0
4	36.61480438417807	37.0	37.0	37.0	37.0	37.0
5	36.726063278872815	37.0	37.0	37.0	37.0	37.0
6	40.36622980419195	41.0	41.0	41.0	37.0	41.0
7	40.47073914799125	41.0	41.0	41.0	41.0	41.0
8	40.51507782266926	41.0	41.0	41.0	41.0	41.0
9	40.468061564284184	41.0	41.0	41.0	41.0	41.0
10-11	40.490623043097784	41.0	41.0	41.0	41.0	41.0
12-13	40.576478617569265	41.0	41.0	41.0	41.0	41.0
14-15	40.533098814382	41.0	41.0	41.0	41.0	41.0
16-17	40.55980269064389	41.0	41.0	41.0	41.0	41.0
18-19	40.60240959547947	41.0	41.0	41.0	41.0	41.0
20-21	40.570652030510246	41.0	41.0	41.0	41.0	41.0
22-23	40.541287682112525	41.0	41.0	41.0	41.0	41.0
24-25	40.580989423722656	41.0	41.0	41.0	41.0	41.0
26-27	40.59598292846063	41.0	41.0	41.0	41.0	41.0
28-29	40.59060903312253	41.0	41.0	41.0	41.0	41.0
30-31	40.579430379181034	41.0	41.0	41.0	41.0	41.0
32-33	40.60082018511946	41.0	41.0	41.0	41.0	41.0
34-35	40.5283444206909	41.0	41.0	41.0	41.0	41.0
36-37	40.4694263426621	41.0	41.0	41.0	41.0	41.0
38-39	40.41630521495339	41.0	41.0	41.0	41.0	41.0
40-41	40.39244070733377	41.0	41.0	41.0	41.0	41.0
42-43	40.364366807546105	41.0	41.0	41.0	41.0	41.0
44-45	40.39156375349816	41.0	41.0	41.0	41.0	41.0
46-47	40.399000650308466	41.0	41.0	41.0	41.0	41.0
48-49	40.36437043218292	41.0	41.0	41.0	39.0	41.0
50-51	40.354317493903054	41.0	41.0	41.0	39.0	41.0
52-53	40.392366202010045	41.0	41.0	41.0	41.0	41.0
54-55	40.38626587813341	41.0	41.0	41.0	41.0	41.0
56-57	40.386204460315604	41.0	41.0	41.0	41.0	41.0
58-59	40.3934809422914	41.0	41.0	41.0	41.0	41.0
60-61	40.39942123807897	41.0	41.0	41.0	41.0	41.0
62-63	40.38928233161434	41.0	41.0	41.0	41.0	41.0
64-65	40.37911675846519	41.0	41.0	41.0	39.0	41.0
66-67	40.36466171582987	41.0	41.0	41.0	37.0	41.0
68-69	40.37642959145734	41.0	41.0	41.0	37.0	41.0
70-71	40.38234436004097	41.0	41.0	41.0	41.0	41.0
72-73	40.3839938215627	41.0	41.0	41.0	41.0	41.0
74-75	40.37272718606305	41.0	41.0	41.0	37.0	41.0
76-77	39.95454153953614	41.0	41.0	41.0	37.0	41.0
78-79	40.20169563013494	41.0	41.0	41.0	37.0	41.0
80-81	40.39845152397444	41.0	41.0	41.0	39.0	41.0
82-83	40.41254554284413	41.0	41.0	41.0	41.0	41.0
84-85	40.40586414024564	41.0	41.0	41.0	41.0	41.0
86-87	40.4038257427044	41.0	41.0	41.0	41.0	41.0
88-89	40.40224464545574	41.0	41.0	41.0	41.0	41.0
90-91	40.39879922165251	41.0	41.0	41.0	41.0	41.0
92-93	40.387768549497736	41.0	41.0	41.0	41.0	41.0
94-95	40.37230348542626	41.0	41.0	41.0	37.0	41.0
96-97	40.35403386022881	41.0	41.0	41.0	37.0	41.0
98-99	40.39894615540571	41.0	41.0	41.0	37.0	41.0
100	39.914523005936154	41.0	41.0	41.0	37.0	41.0
>>END_MODULE
>>Per sequence quality scores	pass
#Quality	Count
29	8.0
30	18180.0
31	13614.0
32	91005.0
33	99031.0
34	104745.0
35	111660.0
36	175632.0
37	335789.0
38	743726.0
39	1872110.0
40	6919686.0
>>END_MODULE
>>Per base sequence content	fail
#Base	G	A	T	C
1	40.623437676737446	21.073655727232687	10.293589450869064	28.0093171451608
2	14.159586677813824	22.326661634805525	38.5124403134098	25.001311373970857
3	17.4676555540031	27.91341306805745	28.47353670917585	26.145394668763593
4	12.256522357799279	18.34516091140633	38.72387260786398	30.67444412293041
5	14.388566354717705	35.47121172969716	33.72800493907948	16.41221697650565
6	28.246587019981483	36.50765461023535	19.101209720893348	16.14454864888982
7	24.174977035701	30.35230307573544	24.69681833897218	20.77590154959138
8	21.99363950227221	33.69648014873683	23.131804621073655	21.1780757279173
9	22.195487094353396	16.978959419637828	22.112090946927214	38.71346253908157
10-11	22.710930095967477	26.80659466102734	29.34529625801414	21.13717898499104
12-13	22.948284815731768	24.768834041595635	30.385009436983935	21.89787170568866
14-15	20.725311277889528	26.44315790327877	27.205051223369757	25.626479595461948
16-17	20.66732020262364	29.975417620457662	27.64897337895199	21.708288797966706
18-19	20.432029078761346	29.02496647672681	29.434214545257003	21.108789899254838
20-21	21.456845009273668	28.876185629645285	28.488710066000074	21.178259295080974
22-23	20.696069060975894	29.045650796309253	29.11141606081566	21.146864081899196
24-25	21.07274445401601	28.537038545498234	28.832624466124823	21.557592534360932
26-27	20.800961783819535	28.77058485241265	28.796706372833413	21.6317469909344
28-29	20.695446964840457	28.79246511813906	29.140176868877337	21.37191104814315
30-31	21.32065502649153	29.023880633885955	28.46833683787776	21.187127501744754
32-33	20.401473758560883	28.950113174827614	29.35933542278082	21.28907764383069
34-35	20.955490255581243	28.454122592855292	29.08453542097449	21.505851730588972
36-37	21.21938796267084	29.148808018291795	28.3867630041834	21.245041014853964
38-39	20.876902627148052	29.021359295457742	28.85053602781059	21.251202049583615
40-41	21.25955934157433	28.913058562309185	28.56722496210423	21.260157134012257
42-43	20.623091503176898	28.989670447446876	29.03043689555828	21.356801153817944
44-45	21.142741217501367	28.628255093433253	28.762179468166522	21.466824220898857
46-47	21.235732052985558	29.280693587784732	28.379323034792513	21.104251324437197
48-49	20.896404158818303	28.96283896384171	28.758577586542344	21.382179290797644
50-51	21.419874574261737	28.81874904314517	28.395031711482744	21.366344671110355
52-53	20.921283140518874	29.02144181828627	28.880073201532046	21.17720183966281
54-55	21.32467314164938	28.861871008046474	28.540359612863515	21.273096237440633
56-57	21.31527875830433	28.851515679764844	28.543309658235287	21.289895903695534
58-59	20.933936049054477	28.644868420114122	28.902081711627297	21.519113819204104
60-61	21.516168938307555	28.910076768478387	28.256150304190292	21.317603989023766
62-63	21.10343565917772	29.152368678764834	28.643749451420785	21.100446210636665
64-65	21.050890688041363	28.536688997709692	28.85070404636699	21.56171626788196
66-67	21.09517317417959	28.828652753603972	28.657731761987915	21.41844231022852
68-69	21.267194871852052	28.791389201465467	28.745041429725955	21.196374496956523
70-71	21.599275778707046	28.617171973175175	28.374061292475083	21.409490955642692
72-73	20.894456574508226	29.094032728383358	28.871532448173458	21.139978248934955
74-75	21.282967619342642	28.660987326586163	28.478132579877695	21.577912474193507
76-77	21.29525937775261	29.165331156517578	28.340993309257197	21.198416156472614
78-79	21.334507723795102	28.98917403921607	28.540126909636456	21.136191327352375
80-81	21.520614611477672	28.701315241683588	28.33771496246971	21.44035518436902
82-83	21.10303020504882	29.0080381470603	28.749071122430536	21.13986052546034
84-85	21.234130692032245	28.679563027629882	28.611979777953945	21.474326502383924
86-87	21.39498451281819	29.08617433835351	28.404453801242074	21.114387347586227
88-89	21.27616414769249	28.861738661966047	28.49345013710776	21.3686470532337
90-91	21.37046771221177	28.73725368620224	28.46877372472211	21.423504876863884
92-93	21.14872337849357	29.095922069731404	28.53538403210919	21.219970519665832
94-95	21.195093315349066	28.7891920035464	28.50430004287709	21.511414638227443
96-97	21.194697499972364	29.658911376771968	27.625974938795792	21.52041618445988
98-99	21.757496551621262	34.982040423431386	22.70391453520685	20.556548489740507
100	29.870989733385766	70.12901026661423	0.0	0.0
>>END_MODULE
>>Per sequence GC content	warn
#GC Content	Count
0	12882.0
1	12890.0
2	13007.5
3	13400.5
4	14057.0
5	15017.0
6	16892.5
7	19307.0
8	22305.0
9	24641.5
10	28566.0
11	32753.5
12	34325.0
13	45151.5
14	56561.0
15	59947.0
16	63825.5
17	70881.0
18	79572.0
19	88286.0
20	98380.0
21	111080.5
22	125871.0
23	142786.0
24	162655.5
25	186808.0
26	214022.5
27	241148.5
28	272118.5
29	304367.0
30	338582.0
31	375243.0
32	409728.5
33	441009.0
34	472785.5
35	506649.0
36	540405.0
37	570021.5
38	599237.5
39	621623.0
40	625168.0
41	616886.5
42	603125.5
43	584947.0
44	564721.5
45	546063.5
46	528687.0
47	512770.5
48	497713.0
49	482170.5
50	467353.5
51	450419.0
52	431057.5
53	413006.5
54	396374.0
55	381809.5
56	366631.0
57	350620.5
58	331559.0
59	308305.0
60	285482.0
61	261999.0
62	240141.0
63	213982.0
64	187227.0
65	168454.0
66	151966.0
67	139633.0
68	128961.5
69	116607.5
70	102404.0
71	91011.5
72	83650.5
73	77438.5
74	73428.0
75	67045.0
76	61408.0
77	59051.5
78	56843.0
79	53436.5
80	50456.0
81	48457.0
82	46500.0
83	42953.0
84	39568.0
85	38863.0
86	38036.0
87	37641.0
88	27478.0
89	17315.5
90	14639.0
91	11985.5
92	10934.0
93	9392.0
94	8363.5
95	7767.0
96	7620.0
97	7566.5
98	7545.5
99	7547.5
100	7552.0
>>END_MODULE
>>Per base N content	pass
#Base	N-Count
1	0.0
2	0.0
3	0.0
4	0.0
5	0.0
6	0.0
7	0.0
8	0.0
9	9.767643391935286E-6
10-11	9.806157276347662E-6
12-13	0.0
14-15	0.0
16-17	0.0
18-19	0.0
20-21	0.0
22-23	1.2581340251929763E-4
24-25	0.0
26-27	0.0
28-29	6.120873791458974E-5
30-31	0.0
32-33	0.0
34-35	3.10979585175002E-5
36-37	0.0
38-39	1.0557026735881349E-5
40-41	0.0
42-43	0.0
44-45	1.2017018939204208E-4
46-47	0.0
48-49	0.0
50-51	0.0
52-53	0.0
54-55	4.6660074764604295E-5
56-57	0.0
58-59	0.0
60-61	0.0
62-63	1.2327621329990083E-5
64-65	0.0
66-67	0.0
68-69	0.0
70-71	0.0
72-73	0.0
74-75	0.0
76-77	6.864904985596057E-6
78-79	0.0
80-81	0.0
82-83	0.0
84-85	0.0
86-87	7.44862478647586E-6
88-89	0.0
90-91	0.0
92-93	0.0
94-95	0.0
96-97	0.0
98-99	0.0
100	0.0
>>END_MODULE
>>Sequence Length Distribution	warn
#Length	Count
2-3	13896.0
4-5	138824.0
6-7	62515.0
8-9	60085.0
10-11	48754.0
12-13	45117.0
14-15	42612.0
16-17	40602.0
18-19	39185.0
20-21	43089.0
22-23	51409.0
24-25	41071.0
26-27	44406.0
28-29	45947.0
30-31	49618.0
32-33	55286.0
34-35	68607.0
36-37	97777.0
38-39	103580.0
40-41	110224.0
42-43	102098.0
44-45	105809.0
46-47	110238.0
48-49	132953.0
50-51	117083.0
52-53	112527.0
54-55	114303.0
56-57	116241.0
58-59	117211.0
60-61	113845.0
62-63	116055.0
64-65	121038.0
66-67	116209.0
68-69	117628.0
70-71	115619.0
72-73	112866.0
74-75	119809.0
76-77	134090.0
78-79	121512.0
80-81	110173.0
82-83	108049.0
84-85	105779.0
86-87	111532.0
88-89	107145.0
90-91	107627.0
92-93	114888.0
94-95	179944.0
96-97	687688.0
98-99	3141410.0
100-101	2291213.0
>>END_MODULE
>>Sequence Duplication Levels	pass
#Total Deduplicated Percentage	79.47832501030156
#Duplication Level	Percentage of total
1	66.34849414255054
2	20.910779503001006
3	5.726092903868832
4	1.5522909790148232
5	0.5887222257514104
6	0.31908561516045797
7	0.25575504047588343
8	0.18156969781041254
9	0.1968432356472047
>10	2.089163483227961
>50	0.45236141862078233
>100	0.7798522570267266
>500	0.4781053843048776
>1k	0.12088411353907756
>5k	0.0
>10k+	0.0
>>END_MODULE
>>Overrepresented sequences	pass
>>END_MODULE
>>Adapter Content	pass
#Position	Illumina Universal Adapter	Illumina Small RNA 3' Adapter	Illumina Small RNA 5' Adapter	Nextera Transposase Sequence	PolyA	PolyG
1	0.0	0.0	0.0	0.0	6.580713017394255E-4	1.0490991766860406E-4
2	0.0	0.0	0.0	0.0	8.106675456210315E-4	1.0490991766860406E-4
3	0.0	0.0	0.0	0.0	8.965029328044348E-4	1.0490991766860406E-4
4	0.0	0.0	0.0	0.0	0.0010490991766860407	1.0490991766860406E-4
5	0.0	0.0	0.0	0.0	0.0014115152559048547	1.239844481538048E-4
6	0.0	0.0	0.0	0.0	0.0018693039875496724	1.4305897863900555E-4
7	0.0	0.0	0.0	0.0	0.002136347414342483	1.4305897863900555E-4
8	0.0	0.0	0.0	0.0	0.0025845988807447003	1.4305897863900555E-4
9	0.0	0.0	0.0	0.0	0.002861179572780111	1.4305897863900555E-4
10-11	0.0	0.0	0.0	0.0	0.005302719474885805	1.621335091242063E-4
12-13	0.0	0.0	0.0	0.0	0.00902225291949995	1.859766722307072E-4
14-15	0.0	0.0	0.0	0.0	0.013805191438664035	2.145884679585083E-4
16-17	0.0	0.0	0.0	0.0	0.022617624522826778	2.3366299844370904E-4
18-19	0.0	0.0	0.0	0.0	0.032870184658622174	2.479688963076096E-4
20-21	0.0	0.0	0.0	0.0	0.0387308341502001	2.7181205941411053E-4
22-23	0.0	0.0	0.0	0.0	0.044505648254594625	3.004238551419117E-4
24-25	0.0	0.0	0.0	0.0	0.04981313636210173	3.1472975300581225E-4
26-27	0.0	0.0	0.0	0.0	0.05629847672706999	3.242670182484126E-4
28-29	0.0	0.0	0.0	0.0	0.06097173669594416	3.2903565086971276E-4
30-31	0.0	0.0	0.0	0.0	0.06562115350171185	3.3380428349101294E-4
32-33	0.0	0.0	0.0	0.0	0.0699796837175802	3.3380428349101294E-4
34-35	0.0	0.0	0.0	0.0	0.07534916404916422	3.433415487336133E-4
36-37	0.0	0.0	0.0	0.0	0.08347491403585974	3.5764744659751385E-4
38-39	0.0	0.0	0.0	0.0	0.0901366938078161	3.910278749466151E-4
40-41	0.0	0.0	0.0	0.0	0.0980430866939318	4.005651401892155E-4
42-43	0.0	0.0	0.0	0.0	0.1056728988880121	4.148710380531161E-4
44-45	0.0	0.0	0.0	0.0	0.11299751859432919	4.1963967067441626E-4
46-47	0.0	0.0	0.0	0.0	0.11776138258300807	4.482514664022174E-4
48-49	0.0	0.0	9.53726524260037E-6	0.0	0.12187671253519011	4.768632621300185E-4
50-51	0.0	0.0	9.53726524260037E-6	0.0	0.12819991939103417	5.150123231004199E-4
52-53	0.0	0.0	9.53726524260037E-6	0.0	0.13199575095758911	5.245495883430204E-4
54-55	0.0	0.0	9.53726524260037E-6	0.0	0.13523842114007323	5.340868535856207E-4
56-57	0.0	0.0	9.53726524260037E-6	0.0	0.13881489560604837	5.340868535856207E-4
58-59	0.0	0.0	9.53726524260037E-6	0.0	0.1417046869745563	5.579300166921216E-4
60-61	0.0	0.0	9.53726524260037E-6	0.0	0.14393640704132477	5.722359145560222E-4
62-63	9.53726524260037E-6	0.0	9.53726524260037E-6	0.0	0.14592492684440694	5.817731797986226E-4
64-65	9.53726524260037E-6	0.0	9.53726524260037E-6	0.0	0.14772270134263712	5.913104450412229E-4
66-67	9.53726524260037E-6	0.0	9.53726524260037E-6	0.0	0.1501642412447428	6.008477102838232E-4
68-69	9.53726524260037E-6	0.0	9.53726524260037E-6	0.0	0.15228151412860008	6.103849755264237E-4
70-71	9.53726524260037E-6	0.0	9.53726524260037E-6	0.0	0.15393146101556998	6.19922240769024E-4
72-73	9.53726524260037E-6	0.0	9.53726524260037E-6	0.0	0.1557340041464214	6.294595060116244E-4
74-75	9.53726524260037E-6	0.0	9.53726524260037E-6	0.0	0.1573362647071783	6.342281386329245E-4
76-77	9.53726524260037E-6	0.0	9.53726524260037E-6	0.0	0.15905774108346765	6.389967712542247E-4
78-79	9.53726524260037E-6	0.0	9.53726524260037E-6	0.0	0.16075060566402924	6.389967712542247E-4
80-81	9.53726524260037E-6	0.0	9.53726524260037E-6	0.0	0.1624053211836204	6.533026691181253E-4
82-83	9.53726524260037E-6	0.0	9.53726524260037E-6	0.0	0.16386452276573826	6.676085669820259E-4
84-85	9.53726524260037E-6	0.0	9.53726524260037E-6	0.0	0.1649517710033947	6.771458322246262E-4
86-87	9.53726524260037E-6	0.0	9.53726524260037E-6	0.0	0.16646342754434684	6.866830974672267E-4
88-89	1.907453048520074E-5	0.0	9.53726524260037E-6	0.0	0.1675316012515181	6.866830974672267E-4
>>END_MODULE
